SVM-HMM Results (With sentiment data): 
F-Measure: 0.579710144928
Accuracy: 0.516666666667
Recall: 0.571428571429
Precision:  0.588235294118
C_VALUES: [36, 54, 19, 18, 16, 54, 47, 31, 31, 2, 39, 22, 58, 45, 7, 33, 53, 31, 20, 3, 6, 13, 16, 16, 29, 15, 46,
                52, 44, 26, 47, 49, 50, 28, 34, 3, 2, 2, 10, 3, 4, 8, 10, 2, 18, 8, 5, 3, 5, 4, 5, 10, 4, 9, 8, 5, 9, 9,
                14, 18, 3, 7, 3, 12, 11, 9, 2, 15, 2, 2, 4, 2, 2, 3, 2, 2, 55, 5, 21, 4, 2, 2, 2, 11, 7, 10, 8, 2, 10,
                5, 11, 15, 3, 5, 5, 7, 6, 5, 2, 2, 2, 2, 4, 9, 12, 5, 34, 4, 3, 3, 3, 5, 4, 46, 4, 3, 3, 4, 5, 2]

predictionwindow: 10 
window: 320 
thresh=1e-7, n_iter=300,
RANGE: 2- 60

---------------------------------------------
SVM-HMM Results (with no sentiment data): 
F-Measure: 0.518518518519
Accuracy: 0.458333333333
Recall: 0.5
Precision:  0.538461538462

C-VALUES:  [44, 40, 36, 54, 41, 58, 40, 45, 44, 6, 10, 42, 56, 55, 8, 55, 58, 8, 28, 48, 15, 25, 27, 6, 9, 19, 8,
                43, 57, 17, 16, 16, 21, 46, 9, 29, 50, 7, 20, 36, 13, 37, 16, 8, 31, 59, 59, 19, 46, 45, 59, 58, 59, 54,
                58, 12, 8, 18, 46, 51, 20, 9, 51, 14, 13, 5, 35, 57, 3, 2, 3, 3, 2, 2, 2, 20, 25, 11, 26, 19, 11, 26, 7,
                24, 7, 9, 7, 17, 18, 26, 20, 6, 9, 10, 16, 4, 4, 8, 37, 32, 14, 41, 16, 19, 22, 33, 58, 58, 59, 32, 51,
                18, 53, 41, 41, 40, 50, 59, 57, 57]
RANGE: 2- 60 