SVM-HMM Results (With sentiment data): 
F-Measure: 0.591549295775
Accuracy: 0.516666666667
Recall: 0.6
Precision:  0.583333333333

RANGE: 2- 40

---------------------------------------------
SVM-HMM Results (with no sentiment data): 
F-Measure: 0.359550561798
Accuracy: 0.525
Recall: 0.271186440678
Precision:  0.533333333333

C-VALUES:  [44, 40, 36, 54, 41, 58, 40, 45, 44, 6, 10, 42, 56, 55, 8, 55, 58, 8, 28, 48, 15, 25, 27, 6, 9, 19, 8,
                43, 57, 17, 16, 16, 21, 46, 9, 29, 50, 7, 20, 36, 13, 37, 16, 8, 31, 59, 59, 19, 46, 45, 59, 58, 59, 54,
                58, 12, 8, 18, 46, 51, 20, 9, 51, 14, 13, 5, 35, 57, 3, 2, 3, 3, 2, 2, 2, 20, 25, 11, 26, 19, 11, 26, 7,
                24, 7, 9, 7, 17, 18, 26, 20, 6, 9, 10, 16, 4, 4, 8, 37, 32, 14, 41, 16, 19, 22, 33, 58, 58, 59, 32, 51,
                18, 53, 41, 41, 40, 50, 59, 57, 57]
RANGE: 2- 60 