SVM-HMM Results (With sentiment data): 
F-Measure: 0.579710144928
Accuracy: 0.516666666667
Recall: 0.571428571429
Precision:  0.588235294118
C_VALUES: [36, 54, 19, 18, 16, 54, 47, 31, 31, 2, 39, 22, 58, 45, 7, 33, 53, 31, 20, 3, 6, 13, 16, 16, 29, 15, 46,
                52, 44, 26, 47, 49, 50, 28, 34, 3, 2, 2, 10, 3, 4, 8, 10, 2, 18, 8, 5, 3, 5, 4, 5, 10, 4, 9, 8, 5, 9, 9,
                14, 18, 3, 7, 3, 12, 11, 9, 2, 15, 2, 2, 4, 2, 2, 3, 2, 2, 55, 5, 21, 4, 2, 2, 2, 11, 7, 10, 8, 2, 10,
                5, 11, 15, 3, 5, 5, 7, 6, 5, 2, 2, 2, 2, 4, 9, 12, 5, 34, 4, 3, 3, 3, 5, 4, 46, 4, 3, 3, 4, 5, 2]

predictionwindow: 10 
window: 320 
thresh=1e-7, n_iter=300,
RANGE: 2- 60

---------------------------------------------
SVM-HMM Results (with no sentiment data): 
F-Measure: 0.532258064516
Accuracy: 0.516666666667
Recall: 0.471428571429
Precision:  0.611111111111
=1e-3
C-VALUES:  [13, 1, 1, 10, 49, 1, 1, 1, 3, 5, 3, 3, 1, 1, 2, 1, 1, 2, 1, 9, 11, 1, 1, 15, 1, 1, 1, 1, 1, 1, 1, 2, 1,
                1, 1, 6, 1, 12, 5, 35, 21, 20, 1, 1, 17, 60, 60, 1, 3, 3, 4, 4, 10, 2, 51, 93, 10, 5, 4, 12, 13, 1, 2,
                1, 1, 1, 4, 3, 26, 1, 8, 54, 15, 13, 43, 4, 23, 3, 1, 2, 2, 19, 12, 40, 41, 21, 25, 30, 3, 3, 7, 75, 30,
                17, 3, 27, 10, 16, 31, 13, 2, 8, 22, 3, 10, 7, 43, 43, 45, 55, 65, 43, 46, 17, 4, 4, 3, 10, 13, 5]
RANGE: 2- 60 