F-Measure: 0.608
Accuracy: 0.591666666667
Recall: 0.64406779661
Precision:  0.575757575758


prediction window: 20 
pca: 6
thresh=1e-5, n_iter=300
window: 120
c values [31, 17, 21, 22, 51, 13, 9, 94, 9, 1, 11, 27, 1, 1, 2, 4, 45, 37, 21, 37, 2, 12, 2, 3, 2, 2, 1, 4, 35, 14, 2, 2, 2, 38, 16, 39, 77, 29, 24, 9, 8, 5, 20, 4, 18, 37, 21, 27, 39, 30, 45, 35, 81, 23, 28, 39, 44, 71, 13, 61, 77, 63, 50, 37, 50, 16, 11, 93, 94, 2, 3, 3, 24, 1, 87, 13, 2, 11, 2, 5, 70, 2, 75, 40, 28, 49, 77, 43, 74, 87, 8, 2, 2, 3, 24, 84, 94, 31, 23, 4, 3, 12, 11, 73, 22, 98, 1, 1, 1, 23, 2, 8, 4, 5, 48, 84, 9, 1, 24, 12]