F-Measure: 0.674846625767
Accuracy: 0.558333333333
Recall: 0.820895522388
Precision:  0.572916666667

prediction window: 20
window: 320  
pca: 6
thresh=1e-2, n_iter=200
c_values  [99, 54, 36, 42, 45, 2, 2, 59, 5, 6, 7, 6, 7, 10, 8, 13, 10, 8, 15, 9, 7, 10, 8, 13, 12, 21, 38, 10, 50, 6, 16, 40, 93, 7, 16, 15, 6, 7, 16, 17, 33, 15, 9, 17, 32, 13, 15, 31, 51, 43, 28, 90, 92, 88, 60, 45, 12, 40, 31, 35, 27, 46, 18, 37, 63, 5, 5, 3, 7, 24, 18, 20, 93, 1, 1, 1, 1, 2, 21, 20, 49, 8, 5, 14, 15, 15, 4, 4, 8, 13, 14, 4, 4, 30, 3, 24, 17, 14, 53, 20, 42, 38, 23, 36, 71, 28, 72, 61, 68, 79, 89, 86, 30, 95, 51, 76, 84, 56, 34, 77]