F-Measure: 0.540983606557
Accuracy: 0.533333333333
Recall: 0.5
Precision:  0.589285714286


prediction window: 20
window: 60
pca: 6
thresh=1e-3, n_iter=200
c_values = [7, 2, 2, 2, 1, 1, 1, 1, 6, 2, 1, 1, 1, 1, 1, 1, 99, 1, 38, 1, 1, 4, 1, 5, 1, 15, 89, 2, 4, 10, 7, 72,
                51, 18, 53, 36, 78, 55, 59, 99, 64, 25, 79, 3, 4, 4, 22, 9, 9, 62, 33, 25, 5, 12, 22, 12, 1, 2, 55, 7,
                42, 12, 6, 4, 29, 27, 66, 5, 98, 60, 11, 13, 4, 4, 66, 8, 12, 10, 34, 13, 53, 82, 47, 1, 38, 82, 12, 22,
                23, 69, 37, 99, 95, 34, 5, 56, 53, 72, 86, 27, 21, 26, 99, 16, 74, 13, 66, 92, 26, 58, 57, 97, 62, 1, 1,
                1, 84, 78, 1, 2]